0|4c7ea7cf-0ffb-44dc-93a5-a2348f5c3a98 
10|80f939e4-bb4a-4cb1-b6e8-2ab2d9e3b499 10	80f939e4-bb4a-4cb1-b6e8-2ab2d9e3b499	88.04	2475	127	110	22	2478	20	2343	0.0	1774
11|ce5ce227-2946-401e-9818-0d076052fcaa 11	ce5ce227-2946-401e-9818-0d076052fcaa	88.75	4914	217	201	11	4894	9	4616	0.0	3994
12|95bcbfc0-5649-4237-9ce7-505a2a1b509b 12	95bcbfc0-5649-4237-9ce7-505a2a1b509b	90.05	3225	88	142	6	3220	3	3004	0.0	2872
13|7d95399e-d72a-4d33-8b90-164966da1b56 13	7d95399e-d72a-4d33-8b90-164966da1b56	88.74	4228	186	180	4	4204	4	3968	0.0	3334
14|f61e8be9-cd56-4b20-9fec-c409833067d9 14	f61e8be9-cd56-4b20-9fec-c409833067d9	87.34	1595	61	70	10	1603	3	1457	0.0	1045
15|a7acc0de-e50b-490a-8b02-caed3a23e269 15	a7acc0de-e50b-490a-8b02-caed3a23e269	88.50	12869	629	508	3	12790	3	12101	0.0	1.027e+04
16|3cf1b347-d718-4498-a15d-591e9a94a12b 16	3cf1b347-d718-4498-a15d-591e9a94a12b	90.48	777	34	27	8	780	4	744	0.0	 765
17|9f64cc64-c098-4b4c-b911-7b3215af2859 17	9f64cc64-c098-4b4c-b911-7b3215af2859	87.60	3507	156	157	2	3472	1	3264	0.0	2500
18|f748dc39-aadd-4dd6-99c5-70b5e18cf53d 18	f748dc39-aadd-4dd6-99c5-70b5e18cf53d	87.68	3635	172	165	13	3617	8	3396	0.0	2529
1|94f69b70-c1bf-42f6-9e98-19d45d70d8f6 1	94f69b70-c1bf-42f6-9e98-19d45d70d8f6	88.85	6998	283	287	41553	48502	82	6630	0.0	5775
19|af7a967c-0e22-4c9a-8da7-436d88223cc1 19	af7a967c-0e22-4c9a-8da7-436d88223cc1	90.60	2500	84	80	3	2488	2	2364	0.0	2599
20|f140b227-9e11-408e-b818-36218a718b92 20	f140b227-9e11-408e-b818-36218a718b92	88.77	1104	50	46	3	1097	2	1040	0.0	 896
21|6cdc1a3d-f986-4dfe-99c5-5128a30bc7ab 21	6cdc1a3d-f986-4dfe-99c5-5128a30bc7ab	88.81	23709	1029	944	9513	33082	7129	29353	0.0	1.965e+04
22|10bbf99e-8fc6-4c47-b650-bd2dfc5866a5 22	10bbf99e-8fc6-4c47-b650-bd2dfc5866a5	89.13	1196	47	49	2	1192	1	1118	0.0	1019
23|3b2135ed-ed13-4ce8-9bc1-89cb27aa8f01 23	3b2135ed-ed13-4ce8-9bc1-89cb27aa8f01	87.47	894	32	38	10	897	10	829	8e-176	 601
24|43956b7e-89b6-4240-83b2-0fd7c6d4fcf6 24	43956b7e-89b6-4240-83b2-0fd7c6d4fcf6	88.65	2202	95	89	7	2198	6	2062	0.0	1744
25|212c70f1-56b2-491a-96e5-5dc13411ab47 25	212c70f1-56b2-491a-96e5-5dc13411ab47	91.07	1042	39	33	3	1037	2	996	0.0	1108
26|1217dd40-7d80-4350-94ca-3a09e38eeed7 26	1217dd40-7d80-4350-94ca-3a09e38eeed7	89.48	20704	787	809	8202	28789	7750	27178	0.0	1.832e+04
27|e04239fd-4b48-4ee8-83b7-4a3a18c1eca7 27	e04239fd-4b48-4ee8-83b7-4a3a18c1eca7	90.17	702	24	31	6	705	3	661	0.0	 626
28|b89f225d-3050-45a1-8c56-512ad8e699f0 28	b89f225d-3050-45a1-8c56-512ad8e699f0	89.73	3466	107	138	12	3464	10	3239	0.0	3174
29|5b0a9bc3-cf39-4c1d-a4bc-a75c6f1f617a 29	5b0a9bc3-cf39-4c1d-a4bc-a75c6f1f617a	89.02	3170	110	136	4	3153	3	2954	0.0	2648
2|bbe72928-c8fd-4846-8cca-d1a496fc6910 2	bbe72928-c8fd-4846-8cca-d1a496fc6910	100.00	11	0	0	2743	2753	933	943	1.0	22.3
3|3f63da99-4b97-45b0-91ec-65a63d0313c2 
4|013a07dd-4ce7-4cc1-9bb4-eb70711dbb1b 4	013a07dd-4ce7-4cc1-9bb4-eb70711dbb1b	100.00	13	0	0	1918	1930	3515	3527	0.12	26.3
5|a755ffac-3bea-44a0-a459-7bd9fda7f208 5	a755ffac-3bea-44a0-a459-7bd9fda7f208	100.00	12	0	0	944	955	2240	2251	0.38	24.3
6|e2406e12-35a1-44fa-9c33-cd80ebab1b2b 6	e2406e12-35a1-44fa-9c33-cd80ebab1b2b	100.00	13	0	0	14871	14883	565	577	0.50	26.3
7|b5130bd8-ada4-46fb-9e58-5bbce7e3e5d0 7	b5130bd8-ada4-46fb-9e58-5bbce7e3e5d0	100.00	11	0	0	425	435	81	71	0.12	22.3
8|1607ab7b-be76-44cf-b16e-024b1051b0a3 8	1607ab7b-be76-44cf-b16e-024b1051b0a3	100.00	12	0	0	2692	2703	204	193	0.16	24.3
9|42aa1700-9b0b-494b-b69e-c56aa13e92b9 9	42aa1700-9b0b-494b-b69e-c56aa13e92b9	89.18	684	32	26	1	680	390	1035	2e-173	 595
