334
334
334
334
334
334
334
334
388
388
388
388
388
388
388
388
331
331
331
331
331
331
331
331
348
348
348
348
348
348
348
348
389
389
389
389
389
389
389
389
310
310
310
310
310
310
310
310
342
342
342
342
342
342
342
342
410
410
410
410
410
410
410
410
378
378
378
378
378
378
378
378
463
463
463
463
463
463
463
463
395
395
395
395
395
395
395
395
360
360
360
360
360
360
360
360
409
409
409
409
409
409
409
409
346
346
346
346
346
346
346
346
291
291
291
291
291
291
291
291
261
261
261
261
261
261
261
261
363
363
363
363
363
363
363
363
373
373
373
373
373
373
373
373
391
391
391
391
391
391
391
391
437
437
437
437
437
437
437
437
386
386
386
386
386
386
386
386
347
347
347
347
347
347
347
347
405
405
405
405
405
405
405
405
436
436
436
436
436
436
436
436
335
335
335
335
335
335
335
335
398
398
398
398
398
398
398
398
411
411
411
411
411
411
411
411
415
415
415
415
415
415
415
415
363
363
363
363
363
363
363
363
434
434
434
434
434
434
434
434
359
359
359
359
359
359
359
359
332
332
332
332
332
332
332
332
343
343
343
343
343
343
343
343
318
318
318
318
318
318
318
318
298
298
298
298
298
298
298
298
401
401
401
401
401
401
401
401
379
379
379
379
379
379
379
379
389
389
389
389
389
389
389
389
434
434
434
434
434
434
434
434
405
405
405
405
405
405
405
405
390
390
390
390
390
390
390
390
319
319
319
319
319
319
319
319
260
260
260
260
260
260
260
260
370
370
370
370
370
370
370
370
405
405
405
405
405
405
405
405
422
422
422
422
422
422
422
422
376
376
376
376
376
376
376
376
345
345
345
345
345
345
345
345
306
306
306
306
306
306
306
306
330
330
330
330
330
330
330
330
383
383
383
383
383
383
383
383
287
287
287
287
287
287
287
287
373
373
373
373
373
373
373
373
389
389
389
389
389
389
389
389
429
429
429
429
429
429
429
429
402
402
402
402
402
402
402
402
368
368
368
368
368
368
368
368
281
281
281
281
281
281
281
281
396
396
396
396
396
396
396
396
435
435
435
435
435
435
435
435
346
346
346
346
346
346
346
346
401
401
401
401
401
401
401
401
432
432
432
432
432
432
432
432
350
350
350
350
350
350
350
350
404
404
404
404
404
404
404
404
436
436
436
436
436
436
436
436
378
378
378
378
378
378
378
378
316
316
316
316
316
316
316
316
457
457
457
457
457
457
457
457
389
389
389
389
389
389
389
389
364
364
364
364
364
364
364
364
429
429
429
429
429
429
429
429
351
351
351
351
351
351
351
351
353
353
353
353
353
353
353
353
366
366
366
366
366
366
366
366
416
416
416
416
416
416
416
416
425
425
425
425
425
425
425
425
347
347
347
347
347
347
347
347
336
336
336
336
336
336
336
336
448
448
448
448
448
448
448
448
321
321
321
321
321
321
321
321
376
376
376
376
376
376
376
376
368
368
368
368
368
368
368
368
372
372
372
372
372
372
372
372
399
399
399
399
399
399
399
399
414
414
414
414
414
414
414
414
325
325
325
325
325
325
325
325
393
393
393
393
393
393
393
393
411
411
411
411
411
411
411
411
427
427
427
427
427
427
427
427
383
383
383
383
383
383
383
383
357
357
357
357
357
357
357
357
322
322
322
322
322
322
322
322
338
338
338
338
338
338
338
338
435
435
435
435
435
435
435
435
378
378
378
378
378
378
378
378
415
415
415
415
415
415
415
415
392
392
392
392
392
392
392
392
376
376
376
376
376
376
376
376
467
467
467
467
467
467
467
467
394
394
394
394
394
394
394
394
433
433
433
433
433
433
433
433
357
357
357
357
357
357
357
357
328
328
328
328
328
328
328
328
344
344
344
344
344
344
344
344
351
351
351
351
351
351
351
351
343
343
343
343
343
343
343
343
332
332
332
332
332
332
332
332
327
327
327
327
327
327
327
327
338
338
338
338
338
338
338
338
344
344
344
344
344
344
344
344
321
321
321
321
321
321
321
321
305
305
305
305
305
305
305
305
317
317
317
317
317
317
317
317
316
316
316
316
316
316
316
316
363
363
363
363
363
363
363
363
406
406
406
406
406
406
406
406
318
318
318
318
318
318
318
318
354
354
354
354
354
354
354
354
420
420
420
420
420
420
420
420
353
353
353
353
353
353
353
353
297
297
297
297
297
297
297
297
280
280
280
280
280
280
280
280
416
416
416
416
416
416
416
416
357
357
357
357
357
357
357
357
385
385
385
385
385
385
385
385
419
419
419
419
419
419
419
419
356
356
356
356
356
356
356
356
329
329
329
329
329
329
329
329
338
338
338
338
338
338
338
338
328
328
328
328
328
328
328
328
348
348
348
348
348
348
348
348
411
411
411
411
411
411
411
411
347
347
347
347
347
347
347
347
323
323
323
323
323
323
323
323
295
295
295
295
295
295
295
295
319
319
319
319
319
319
319
319
350
350
350
350
350
350
350
350
383
383
383
383
383
383
383
383
375
375
375
375
375
375
375
375
374
374
374
374
374
374
374
374
398
398
398
398
398
398
398
398
409
409
409
409
409
409
409
409
344
344
344
344
344
344
344
344
331
331
331
331
331
331
331
331
394
394
394
394
394
394
394
394
372
372
372
372
372
372
372
372
466
466
466
466
466
466
466
466
394
394
394
394
394
394
394
394
428
428
428
428
428
428
428
428
342
342
342
342
342
342
342
342
458
458
458
458
458
458
458
458
379
379
379
379
379
379
379
379
287
287
287
287
287
287
287
287
372
372
372
372
372
372
372
372
390
390
390
390
390
390
390
390
431
431
431
431
431
431
431
431
393
393
393
393
393
393
393
393
349
349
349
349
349
349
349
349
389
389
389
389
389
389
389
389
389
389
389
389
389
389
389
389
441
441
441
441
441
441
441
441
376
376
376
376
376
376
376
376
454
454
454
454
454
454
454
454
387
387
387
387
387
387
387
387
429
429
429
429
429
429
429
429
320
320
320
320
320
320
320
320
377
377
377
377
377
377
377
377
368
368
368
368
368
368
368
368
373
373
373
373
373
373
373
373
393
393
393
393
393
393
393
393
401
401
401
401
401
401
401
401
324
324
324
324
324
324
324
324
450
450
450
450
450
450
450
450
405
405
405
405
405
405
405
405
369
369
369
369
369
369
369
369
318
318
318
318
318
318
318
318
424
424
424
424
424
424
424
424
365
365
365
365
365
365
365
365
304
304
304
304
304
304
304
304
275
275
275
275
275
275
275
275
324
324
324
324
324
324
324
324
436
436
436
436
436
436
436
436
350
350
350
350
350
350
350
350
289
289
289
289
289
289
289
289
361
361
361
361
361
361
361
361
430
430
430
430
430
430
430
430
348
348
348
348
348
348
348
348
328
328
328
328
328
328
328
328
433
433
433
433
433
433
433
433
369
369
369
369
369
369
369
369
306
306
306
306
306
306
306
306
307
307
307
307
307
307
307
307
309
309
309
309
309
309
309
309
290
290
290
290
290
290
290
290
471
471
471
471
471
471
471
471
414
414
414
414
414
414
414
414
343
343
343
343
343
343
343
343
367
367
367
367
367
367
367
367
433
433
433
433
433
433
433
433
381
381
381
381
381
381
381
381
356
356
356
356
356
356
356
356
359
359
359
359
359
359
359
359
345
345
345
345
345
345
345
345
331
331
331
331
331
331
331
331
359
359
359
359
359
359
359
359
411
411
411
411
411
411
411
411
344
344
344
344
344
344
344
344
334
334
334
334
334
334
334
334
395
395
395
395
395
395
395
395
420
420
420
420
420
420
420
420
346
346
346
346
346
346
346
346
327
327
327
327
327
327
327
327
387
387
387
387
387
387
387
387
405
405
405
405
405
405
405
405
319
319
319
319
319
319
319
319
348
348
348
348
348
348
348
348
395
395
395
395
395
395
395
395
313
313
313
313
313
313
313
313
386
386
386
386
386
386
386
386
374
374
374
374
374
374
374
374
392
392
392
392
392
392
392
392
441
441
441
441
441
441
441
441
395
395
395
395
395
395
395
395
320
320
320
320
320
320
320
320
284
284
284
284
284
284
284
284
406
406
406
406
406
406
406
406
371
371
371
371
371
371
371
371
399
399
399
399
399
399
399
399
337
337
337
337
337
337
337
337
307
307
307
307
307
307
307
307
314
314
314
314
314
314
314
314
423
423
423
423
423
423
423
423
348
348
348
348
348
348
348
348
473
473
473
473
473
473
473
473
413
413
413
413
413
413
413
413
379
379
379
379
379
379
379
379
331
331
331
331
331
331
331
331
410
410
410
410
410
410
410
410
375
375
375
375
375
375
375
375
428
428
428
428
428
428
428
428
388
388
388
388
388
388
388
388
314
314
314
314
314
314
314
314
404
404
404
404
404
404
404
404
451
451
451
451
451
451
451
451
412
412
412
412
412
412
412
412
365
365
365
365
365
365
365
365
317
317
317
317
317
317
317
317
288
288
288
288
288
288
288
288
345
345
345
345
345
345
345
345
404
404
404
404
404
404
404
404
419
419
419
419
419
419
419
419
353
353
353
353
353
353
353
353
344
344
344
344
344
344
344
344
398
398
398
398
398
398
398
398
358
358
358
358
358
358
358
358
325
325
325
325
325
325
325
325
295
295
295
295
295
295
295
295
282
282
282
282
282
282
282
282
358
358
358
358
358
358
358
358
421
421
421
421
421
421
421
421
357
357
357
357
357
357
357
357
323
323
323
323
323
323
323
323
304
304
304
304
304
304
304
304
292
292
292
292
292
292
292
292
286
286
286
286
286
286
286
286
320
320
320
320
320
320
320
320
436
436
436
436
436
436
436
436
370
370
370
370
370
370
370
370
414
414
414
414
414
414
414
414
407
407
407
407
407
407
407
407
378
378
378
378
378
378
378
378
282
282
282
282
282
282
282
282
401
401
401
401
401
401
401
401
440
440
440
440
440
440
440
440
376
376
376
376
376
376
376
376
419
419
419
419
419
419
419
419
373
373
373
373
373
373
373
373
401
401
401
401
401
401
401
401
344
344
344
344
344
344
344
344
322
322
322
322
322
322
322
322
296
296
296
296
296
296
296
296
335
335
335
335
335
335
335
335
397
397
397
397
397
397
397
397
319
319
319
319
319
319
319
319
297
297
297
297
297
297
297
297
414
414
414
414
414
414
414
414
341
341
341
341
341
341
341
341
350
350
350
350
350
350
350
350
413
413
413
413
413
413
413
413
368
368
368
368
368
368
368
368
345
345
345
345
345
345
345
345
321
321
321
321
321
321
321
321
291
291
291
291
291
291
291
291
309
309
309
309
309
309
309
309
427
427
427
427
427
427
427
427
342
342
342
342
342
342
342
342
344
344
344
344
344
344
344
344
436
436
436
436
436
436
436
436
355
355
355
355
355
355
355
355
322
322
322
322
322
322
322
322
294
294
294
294
294
294
294
294
282
282
282
282
282
282
282
282
415
415
415
415
415
415
415
415
359
359
359
359
359
359
359
359
348
348
348
348
348
348
348
348
384
384
384
384
384
384
384
384
401
401
401
401
401
401
401
401
412
412
412
412
412
412
412
412
364
364
364
364
364
364
364
364
425
425
425
425
425
425
425
425
323
323
323
323
323
323
323
323
329
329
329
329
329
329
329
329
376
376
376
376
376
376
376
376
455
455
455
455
455
455
455
455
386
386
386
386
386
386
386
386
421
421
421
421
421
421
421
421
370
370
370
370
370
370
370
370
413
413
413
413
413
413
413
413
381
381
381
381
381
381
381
381
359
359
359
359
359
359
359
359
424
424
424
424
424
424
424
424
372
372
372
372
372
372
372
372
314
314
314
314
314
314
314
314
466
466
466
466
466
466
466
466
391
391
391
391
391
391
391
391
360
360
360
360
360
360
360
360
437
437
437
437
437
437
437
437
387
387
387
387
387
387
387
387
359
359
359
359
359
359
359
359
316
316
316
316
316
316
316
316
333
333
333
333
333
333
333
333
448
448
448
448
448
448
448
448
354
354
354
354
354
354
354
354
310
310
310
310
310
310
310
310
403
403
403
403
403
403
403
403
349
349
349
349
349
349
349
349
432
432
432
432
432
432
432
432
371
371
371
371
371
371
371
371
419
419
419
419
419
419
419
419
399
399
399
399
399
399
399
399
351
351
351
351
351
351
351
351
331
331
331
331
331
331
331
331
339
339
339
339
339
339
339
339
344
344
344
344
344
344
344
344
324
324
324
324
324
324
324
324
300
300
300
300
300
300
300
300
261
261
261
261
261
261
261
261
300
300
300
300
300
300
300
300
436
436
436
436
436
436
436
436
365
365
365
365
365
365
365
365
386
386
386
386
386
386
386
386
422
422
422
422
422
422
422
422
356
356
356
356
356
356
356
356
325
325
325
325
325
325
325
325
310
310
310
310
310
310
310
310
298
298
298
298
298
298
298
298
431
431
431
431
431
431
431
431
414
414
414
414
414
414
414
414
347
347
347
347
347
347
347
347
330
330
330
330
330
330
330
330
308
308
308
308
308
308
308
308
294
294
294
294
294
294
294
294
359
359
359
359
359
359
359
359
420
420
420
420
420
420
420
420
354
354
354
354
354
354
354
354
335
335
335
335
335
335
335
335
346
346
346
346
346
346
346
346
348
348
348
348
348
348
348
348
332
332
332
332
332
332
332
332
338
338
338
338
338
338
338
338
386
386
386
386
386
386
386
386
418
418
418
418
418
418
418
418
369
369
369
369
369
369
369
369
382
382
382
382
382
382
382
382
356
356
356
356
356
356
356
356
424
424
424
424
424
424
424
424
397
397
397
397
397
397
397
397
349
349
349
349
349
349
349
349
312
312
312
312
312
312
312
312
288
288
288
288
288
288
288
288
312
312
312
312
312
312
312
312
291
291
291
291
291
291
291
291
258
258
258
258
258
258
258
258
389
389
389
389
389
389
389
389
414
414
414
414
414
414
414
414
347
347
347
347
347
347
347
347
321
321
321
321
321
321
321
321
346
346
346
346
346
346
346
346
321
321
321
321
321
321
321
321
299
299
299
299
299
299
299
299
349
349
349
349
349
349
349
349
393
393
393
393
393
393
393
393
420
420
420
420
420
420
420
420
374
374
374
374
374
374
374
374
395
395
395
395
395
395
395
395
328
328
328
328
328
328
328
328
349
349
349
349
349
349
349
349
406
406
406
406
406
406
406
406
353
353
353
353
353
353
353
353
299
299
299
299
299
299
299
299
330
330
330
330
330
330
330
330
422
422
422
422
422
422
422
422
403
403
403
403
403
403
403
403
344
344
344
344
344
344
344
344
350
350
350
350
350
350
350
350
410
410
410
410
410
410
410
410
346
346
346
346
346
346
346
346
324
324
324
324
324
324
324
324
297
297
297
297
297
297
297
297
339
339
339
339
339
339
339
339
412
412
412
412
412
412
412
412
348
348
348
348
348
348
348
348
280
280
280
280
280
280
280
280
318
318
318
318
318
318
318
318
482
482
482
482
482
482
482
482
383
383
383
383
383
383
383
383
464
464
464
464
464
464
464
464
419
419
419
419
419
419
419
419
404
404
404
404
404
404
404
404
348
348
348
348
348
348
348
348
348
348
348
348
348
348
348
348
416
416
416
416
416
416
416
416
405
405
405
405
405
405
405
405
348
348
348
348
348
348
348
348
321
321
321
321
321
321
321
321
295
295
295
295
295
295
295
295
283
283
283
283
283
283
283
283
348
348
348
348
348
348
348
348
407
407
407
407
407
407
407
407
435
435
435
435
435
435
435
435
342
342
342
342
342
342
342
342
430
430
430
430
430
430
430
430
416
416
416
416
416
416
416
416
344
344
344
344
344
344
344
344
302
302
302
302
302
302
302
302
311
311
311
311
311
311
311
311
411
411
411
411
411
411
411
411
381
381
381
381
381
381
381
381
416
416
416
416
416
416
416
416
344
344
344
344
344
344
344
344
300
300
300
300
300
300
300
300
353
353
353
353
353
353
353
353
397
397
397
397
397
397
397
397
359
359
359
359
359
359
359
359
431
431
431
431
431
431
431
431
383
383
383
383
383
383
383
383
340
340
340
340
340
340
340
340
473
473
473
473
473
473
473
473
403
403
403
403
403
403
403
403
315
315
315
315
315
315
315
315
334
334
334
334
334
334
334
334
363
363
363
363
363
363
363
363
408
408
408
408
408
408
408
408
409
409
409
409
409
409
409
409
381
381
381
381
381
381
381
381
395
395
395
395
395
395
395
395
357
357
357
357
357
357
357
357
388
388
388
388
388
388
388
388
315
315
315
315
315
315
315
315
420
420
420
420
420
420
420
420
367
367
367
367
367
367
367
367
383
383
383
383
383
383
383
383
369
369
369
369
369
369
369
369
418
418
418
418
418
418
418
418
350
350
350
350
350
350
350
350
298
298
298
298
298
298
298
298
329
329
329
329
329
329
329
329
417
417
417
417
417
417
417
417
385
385
385
385
385
385
385
385
313
313
313
313
313
313
313
313
347
347
347
347
347
347
347
347
401
401
401
401
401
401
401
401
363
363
363
363
363
363
363
363
397
397
397
397
397
397
397
397
385
385
385
385
385
385
385
385
416
416
416
416
416
416
416
416
361
361
361
361
361
361
361
361
326
326
326
326
326
326
326
326
296
296
296
296
296
296
296
296
284
284
284
284
284
284
284
284
345
345
345
345
345
345
345
345
402
402
402
402
402
402
402
402
427
427
427
427
427
427
427
427
355
355
355
355
355
355
355
355
320
320
320
320
320
320
320
320
347
347
347
347
347
347
347
347
322
322
322
322
322
322
322
322
296
296
296
296
296
296
296
296
323
323
323
323
323
323
323
323
444
444
444
444
444
444
444
444
373
373
373
373
373
373
373
373
424
424
424
424
424
424
424
424
407
407
407
407
407
407
407
407
361
361
361
361
361
361
361
361
321
321
321
321
321
321
321
321
322
322
322
322
322
322
322
322
282
282
282
282
282
282
282
282
328
328
328
328
328
328
328
328
380
380
380
380
380
380
380
380
464
464
464
464
464
464
464
464
409
409
409
409
409
409
409
409
384
384
384
384
384
384
384
384
350
350
350
350
350
350
350
350
395
395
395
395
395
395
395
395
426
426
426
426
426
426
426
426
354
354
354
354
354
354
354
354
319
319
319
319
319
319
319
319
312
312
312
312
312
312
312
312
303
303
303
303
303
303
303
303
430
430
430
430
430
430
430
430
344
344
344
344
344
344
344
344
295
295
295
295
295
295
295
295
410
410
410
410
410
410
410
410
362
362
362
362
362
362
362
362
314
314
314
314
314
314
314
314
317
317
317
317
317
317
317
317
312
312
312
312
312
312
312
312
352
352
352
352
352
352
352
352
425
425
425
425
425
425
425
425
390
390
390
390
390
390
390
390
371
371
371
371
371
371
371
371
396
396
396
396
396
396
396
396
310
310
310
310
310
310
310
310
404
404
404
404
404
404
404
404
444
444
444
444
444
444
444
444
384
384
384
384
384
384
384
384
424
424
424
424
424
424
424
424
349
349
349
349
349
349
349
349
413
413
413
413
413
413
413
413
365
365
365
365
365
365
365
365
355
355
355
355
355
355
355
355
379
379
379
379
379
379
379
379
393
393
393
393
393
393
393
393
444
444
444
444
444
444
444
444
380
380
380
380
380
380
380
380
311
311
311
311
311
311
311
311
417
417
417
417
417
417
417
417
357
357
357
357
357
357
357
357
379
379
379
379
379
379
379
379
414
414
414
414
414
414
414
414
339
339
339
339
339
339
339
339
449
449
449
449
449
449
449
449
388
388
388
388
388
388
388
388
354
354
354
354
354
354
354
354
408
408
408
408
408
408
408
408
338
338
338
338
338
338
338
338
255
255
255
255
255
255
255
255
299
299
299
299
299
299
299
299
469
469
469
469
469
469
469
469
394
394
394
394
394
394
394
394
363
363
363
363
363
363
363
363
415
415
415
415
415
415
415
415
353
353
353
353
353
353
353
353
299
299
299
299
299
299
299
299
291
291
291
291
291
291
291
291
418
418
418
418
418
418
418
418
352
352
352
352
352
352
352
352
326
326
326
326
326
326
326
326
309
309
309
309
309
309
309
309
305
305
305
305
305
305
305
305
420
420
420
420
420
420
420
420
413
413
413
413
413
413
413
413
367
367
367
367
367
367
367
367
422
422
422
422
422
422
422
422
404
404
404
404
404
404
404
404
332
332
332
332
332
332
332
332
319
319
319
319
319
319
319
319
432
432
432
432
432
432
432
432
322
322
322
322
322
322
322
322
415
415
415
415
415
415
415
415
440
440
440
440
440
440
440
440
376
376
376
376
376
376
376
376
465
465
465
465
465
465
465
465
397
397
397
397
397
397
397
397
313
313
313
313
313
313
313
313
347
347
347
347
347
347
347
347
412
412
412
412
412
412
412
412
348
348
348
348
348
348
348
348
297
297
297
297
297
297
297
297
318
318
318
318
318
318
318
318
360
360
360
360
360
360
360
360
445
445
445
445
445
445
445
445
411
411
411
411
411
411
411
411
399
399
399
399
399
399
399
399
413
413
413
413
413
413
413
413
405
405
405
405
405
405
405
405
390
390
390
390
390
390
390
390
435
435
435
435
435
435
435
435
342
342
342
342
342
342
342
342
461
461
461
461
461
461
461
461
399
399
399
399
399
399
399
399
322
322
322
322
322
322
322
322
285
285
285
285
285
285
285
285
407
407
407
407
407
407
407
407
375
375
375
375
375
375
375
375
399
399
399
399
399
399
399
399
340
340
340
340
340
340
340
340
347
347
347
347
347
347
347
347
404
404
404
404
404
404
404
404
332
332
332
332
332
332
332
332
343
343
343
343
343
343
343
343
381
381
381
381
381
381
381
381
285
285
285
285
285
285
285
285
382
382
382
382
382
382
382
382
371
371
371
371
371
371
371
371
388
388
388
388
388
388
388
388
433
433
433
433
433
433
433
433
404
404
404
404
404
404
404
404
393
393
393
393
393
393
393
393
350
350
350
350
350
350
350
350
299
299
299
299
299
299
299
299
281
281
281
281
281
281
281
281
344
344
344
344
344
344
344
344
397
397
397
397
397
397
397
397
428
428
428
428
428
428
428
428
364
364
364
364
364
364
364
364
310
310
310
310
310
310
310
310
321
321
321
321
321
321
321
321
342
342
342
342
342
342
342
342
317
317
317
317
317
317
317
317
354
354
354
354
354
354
354
354
439
439
439
439
439
439
439
439
391
391
391
391
391
391
391
391
316
316
316
316
316
316
316
316
352
352
352
352
352
352
352
352
398
398
398
398
398
398
398
398
351
351
351
351
351
351
351
351
442
442
442
442
442
442
442
442
323
323
323
323
323
323
323
323
400
400
400
400
400
400
400
400
412
412
412
412
412
412
412
412
313
313
313
313
313
313
313
313
274
274
274
274
274
274
274
274
385
385
385
385
385
385
385
385
396
396
396
396
396
396
396
396
434
434
434
434
434
434
434
434
395
395
395
395
395
395
395
395
379
379
379
379
379
379
379
379
436
436
436
436
436
436
436
436
362
362
362
362
362
362
362
362
326
326
326
326
326
326
326
326
311
311
311
311
311
311
311
311
356
356
356
356
356
356
356
356
416
416
416
416
416
416
416
416
358
358
358
358
358
358
358
358
307
307
307
307
307
307
307
307
259
259
259
259
259
259
259
259
315
315
315
315
315
315
315
315
434
434
434
434
434
434
434
434
357
357
357
357
357
357
357
357
479
479
479
479
479
479
479
479
396
396
396
396
396
396
396
396
342
342
342
342
342
342
342
342
468
468
468
468
468
468
468
468
429
429
429
429
429
429
429
429
379
379
379
379
379
379
379
379
346
346
346
346
346
346
346
346
324
324
324
324
324
324
324
324
344
344
344
344
344
344
344
344
427
427
427
427
427
427
427
427
386
386
386
386
386
386
386
386
356
356
356
356
356
356
356
356
432
432
432
432
432
432
432
432
351
351
351
351
351
351
351
351
290
290
290
290
290
290
290
290
359
359
359
359
359
359
359
359
439
439
439
439
439
439
439
439
386
386
386
386
386
386
386
386
346
346
346
346
346
346
346
346
329
329
329
329
329
329
329
329
356
356
356
356
356
356
356
356
411
411
411
411
411
411
411
411
340
340
340
340
340
340
340
340
346
346
346
346
346
346
346
346
418
418
418
418
418
418
418
418
387
387
387
387
387
387
387
387
359
359
359
359
359
359
359
359
393
393
393
393
393
393
393
393
347
347
347
347
347
347
347
347
392
392
392
392
392
392
392
392
430
430
430
430
430
430
430
430
355
355
355
355
355
355
355
355
263
263
263
263
263
263
263
263
306
306
306
306
306
306
306
306
437
437
437
437
437
437
437
437
352
352
352
352
352
352
352
352
292
292
292
292
292
292
292
292
343
343
343
343
343
343
343
343
402
402
402
402
402
402
402
402
421
421
421
421
421
421
421
421
326
326
326
326
326
326
326
326
319
319
319
319
319
319
319
319
431
431
431
431
431
431
431
431
380
380
380
380
380
380
380
380
424
424
424
424
424
424
424
424
398
398
398
398
398
398
398
398
349
349
349
349
349
349
349
349
315
315
315
315
315
315
315
315
283
283
283
283
283
283
283
283
261
261
261
261
261
261
261
261
388
388
388
388
388
388
388
388
403
403
403
403
403
403
403
403
352
352
352
352
352
352
352
352
385
385
385
385
385
385
385
385
420
420
420
420
420
420
420
420
347
347
347
347
347
347
347
347
299
299
299
299
299
299
299
299
302
302
302
302
302
302
302
302
424
424
424
424
424
424
424
424
348
348
348
348
348
348
348
348
292
292
292
292
292
292
292
292
335
335
335
335
335
335
335
335
441
441
441
441
441
441
441
441
375
375
375
375
375
375
375
375
445
445
445
445
445
445
445
445
356
356
356
356
356
356
356
356
484
484
484
484
484
484
484
484
417
417
417
417
417
417
417
417
341
341
341
341
341
341
341
341
293
293
293
293
293
293
293
293
363
363
363
363
363
363
363
363
423
423
423
423
423
423
423
423
326
326
326
326
326
326
326
326
291
291
291
291
291
291
291
291
468
468
468
468
468
468
468
468
413
413
413
413
413
413
413
413
354
354
354
354
354
354
354
354
293
293
293
293
293
293
293
293
261
261
261
261
261
261
261
261
401
401
401
401
401
401
401
401
422
422
422
422
422
422
422
422
346
346
346
346
346
346
346
346
371
371
371
371
371
371
371
371
422
422
422
422
422
422
422
422
349
349
349
349
349
349
349
349
303
303
303
303
303
303
303
303
324
324
324
324
324
324
324
324
374
374
374
374
374
374
374
374
413
413
413
413
413
413
413
413
371
371
371
371
371
371
371
371
392
392
392
392
392
392
392
392
328
328
328
328
328
328
328
328
347
347
347
347
347
347
347
347
385
385
385
385
385
385
385
385
313
313
313
313
313
313
313
313
385
385
385
385
385
385
385
385
379
379
379
379
379
379
379
379
396
396
396
396
396
396
396
396
408
408
408
408
408
408
408
408
330
330
330
330
330
330
330
330
451
451
451
451
451
451
451
451
403
403
403
403
403
403
403
403
384
384
384
384
384
384
384
384
360
360
360
360
360
360
360
360
391
391
391
391
391
391
391
391
360
360
360
360
360
360
360
360
427
427
427
427
427
427
427
427
400
400
400
400
400
400
400
400
343
343
343
343
343
343
343
343
296
296
296
296
296
296
296
296
321
321
321
321
321
321
321
321
343
343
343
343
343
343
343
343
399
399
399
399
399
399
399
399
429
429
429
429
429
429
429
429
389
389
389
389
389
389
389
389
341
341
341
341
341
341
341
341
382
382
382
382
382
382
382
382
458
458
458
458
458
458
458
458
398
398
398
398
398
398
398
398
368
368
368
368
368
368
368
368
393
393
393
393
393
393
393
393
437
437
437
437
437
437
437
437
320
320
320
320
320
320
320
320
395
395
395
395
395
395
395
395
443
443
443
443
443
443
443
443
404
404
404
404
404
404
404
404
348
348
348
348
348
348
348
348
298
298
298
298
298
298
298
298
328
328
328
328
328
328
328
328
412
412
412
412
412
412
412
412
399
399
399
399
399
399
399
399
348
348
348
348
348
348
348
348
295
295
295
295
295
295
295
295
288
288
288
288
288
288
288
288
336
336
336
336
336
336
336
336
415
415
415
415
415
415
415
415
395
395
395
395
395
395
395
395
388
388
388
388
388
388
388
388
426
426
426
426
426
426
426
426
349
349
349
349
349
349
349
349
284
284
284
284
284
284
284
284
336
336
336
336
336
336
336
336
421
421
421
421
421
421
421
421
383
383
383
383
383
383
383
383
361
361
361
361
361
361
361
361
427
427
427
427
427
427
427
427
377
377
377
377
377
377
377
377
293
293
293
293
293
293
293
293
402
402
402
402
402
402
402
402
418
418
418
418
418
418
418
418
343
343
343
343
343
343
343
343
281
281
281
281
281
281
281
281
325
325
325
325
325
325
325
325
441
441
441
441
441
441
441
441
367
367
367
367
367
367
367
367
296
296
296
296
296
296
296
296
332
332
332
332
332
332
332
332
398
398
398
398
398
398
398
398
334
334
334
334
334
334
334
334
265
265
265
265
265
265
265
265
299
299
299
299
299
299
299
299
439
439
439
439
439
439
439
439
367
367
367
367
367
367
367
367
404
404
404
404
404
404
404
404
437
437
437
437
437
437
437
437
349
349
349
349
349
349
349
349
311
311
311
311
311
311
311
311
419
419
419
419
419
419
419
419
420
420
420
420
420
420
420
420
376
376
376
376
376
376
376
376
407
407
407
407
407
407
407
407
431
431
431
431
431
431
431
431
365
365
365
365
365
365
365
365
479
479
479
479
479
479
479
479
381
381
381
381
381
381
381
381
459
459
459
459
459
459
459
459
406
406
406
406
406
406
406
406
412
412
412
412
412
412
412
412
398
398
398
398
398
398
398
398
354
354
354
354
354
354
354
354
330
330
330
330
330
330
330
330
340
340
340
340
340
340
340
340
349
349
349
349
349
349
349
349
325
325
325
325
325
325
325
325
291
291
291
291
291
291
291
291
312
312
312
312
312
312
312
312
478
478
478
478
478
478
478
478
413
413
413
413
413
413
413
413
385
385
385
385
385
385
385
385
368
368
368
368
368
368
368
368
397
397
397
397
397
397
397
397
355
355
355
355
355
355
355
355
428
428
428
428
428
428
428
428
382
382
382
382
382
382
382
382
417
417
417
417
417
417
417
417
406
406
406
406
406
406
406
406
348
348
348
348
348
348
348
348
319
319
319
319
319
319
319
319
296
296
296
296
296
296
296
296
309
309
309
309
309
309
309
309
338
338
338
338
338
338
338
338
318
318
318
318
318
318
318
318
292
292
292
292
292
292
292
292
330
330
330
330
330
330
330
330
384
384
384
384
384
384
384
384
347
347
347
347
347
347
347
347
390
390
390
390
390
390
390
390
424
424
424
424
424
424
424
424
365
365
365
365
365
365
365
365
319
319
319
319
319
319
319
319
300
300
300
300
300
300
300
300
318
318
318
318
318
318
318
318
318
318
318
318
318
318
318
318
359
359
359
359
359
359
359
359
410
410
410
410
410
410
410
410
374
374
374
374
374
374
374
374
392
392
392
392
392
392
392
392
424
424
424
424
424
424
424
424
367
367
367
367
367
367
367
367
412
412
412
412
412
412
412
412
395
395
395
395
395
395
395
395
354
354
354
354
354
354
354
354
392
392
392
392
392
392
392
392
394
394
394
394
394
394
394
394
452
452
452
452
452
452
452
452
406
406
406
406
406
406
406
406
341
341
341
341
341
341
341
341
347
347
347
347
347
347
347
347
408
408
408
408
408
408
408
408
346
346
346
346
346
346
346
346
291
291
291
291
291
291
291
291
330
330
330
330
330
330
330
330
414
414
414
414
414
414
414
414
381
381
381
381
381
381
381
381
342
342
342
342
342
342
342
342
472
472
472
472
472
472
472
472
396
396
396
396
396
396
396
396
352
352
352
352
352
352
352
352
429
429
429
429
429
429
429
429
350
350
350
350
350
350
350
350
289
289
289
289
289
289
289
289
318
318
318
318
318
318
318
318
440
440
440
440
440
440
440
440
379
379
379
379
379
379
379
379
397
397
397
397
397
397
397
397
303
303
303
303
303
303
303
303
318
318
318
318
318
318
318
318
437
437
437
437
437
437
437
437
366
366
366
366
366
366
366
366
299
299
299
299
299
299
299
299
338
338
338
338
338
338
338
338
394
394
394
394
394
394
394
394
344
344
344
344
344
344
344
344
353
353
353
353
353
353
353
353
398
398
398
398
398
398
398
398
317
317
317
317
317
317
317
317
340
340
340
340
340
340
340
340
401
401
401
401
401
401
401
401
429
429
429
429
429
429
429
429
392
392
392
392
392
392
392
392
395
395
395
395
395
395
395
395
339
339
339
339
339
339
339
339
473
473
473
473
473
473
473
473
415
415
415
415
415
415
415
415
376
376
376
376
376
376
376
376
325
325
325
325
325
325
325
325
426
426
426
426
426
426
426
426
350
350
350
350
350
350
350
350
323
323
323
323
323
323
323
323
294
294
294
294
294
294
294
294
292
292
292
292
292
292
292
292
423
423
423
423
423
423
423
423
342
342
342
342
342
342
342
342
288
288
288
288
288
288
288
288
321
321
321
321
321
321
321
321
447
447
447
447
447
447
447
447
351
351
351
351
351
351
351
351
424
424
424
424
424
424
424
424
339
339
339
339
339
339
339
339
298
298
298
298
298
298
298
298
409
409
409
409
409
409
409
409
350
350
350
350
350
350
350
350
320
320
320
320
320
320
320
320
312
312
312
312
312
312
312
312
297
297
297
297
297
297
297
297
466
466
466
466
466
466
466
466
382
382
382
382
382
382
382
382
416
416
416
416
416
416
416
416
365
365
365
365
365
365
365
365
410
410
410
410
410
410
410
410
404
404
404
404
404
404
404
404
379
379
379
379
379
379
379
379
323
323
323
323
323
323
323
323
431
431
431
431
431
431
431
431
336
336
336
336
336
336
336
336
457
457
457
457
457
457
457
457
400
400
400
400
400
400
400
400
320
320
320
320
320
320
320
320
271
271
271
271
271
271
271
271
396
396
396
396
396
396
396
396
413
413
413
413
413
413
413
413
324
324
324
324
324
324
324
324
408
408
408
408
408
408
408
408
444
444
444
444
444
444
444
444
412
412
412
412
412
412
412
412
418
418
418
418
418
418
418
418
379
379
379
379
379
379
379
379
352
352
352
352
352
352
352
352
317
317
317
317
317
317
317
317
332
332
332
332
332
332
332
332
447
447
447
447
447
447
447
447
366
366
366
366
366
366
366
366
380
380
380
380
380
380
380
380
416
416
416
416
416
416
416
416
358
358
358
358
358
358
358
358
384
384
384
384
384
384
384
384
423
423
423
423
423
423
423
423
356
356
356
356
356
356
356
356
293
293
293
293
293
293
293
293
283
283
283
283
283
283
283
283
420
420
420
420
420
420
420
420
307
307
307
307
307
307
307
307
378
378
378
378
378
378
378
378
400
400
400
400
400
400
400
400
403
403
403
403
403
403
403
403
353
353
353
353
353
353
353
353
426
426
426
426
426
426
426
426
369
369
369
369
369
369
369
369
405
405
405
405
405
405
405
405
387
387
387
387
387
387
387
387
435
435
435
435
435
435
435
435
377
377
377
377
377
377
377
377
356
356
356
356
356
356
356
356
388
388
388
388
388
388
388
388
402
402
402
402
402
402
402
402
416
416
416
416
416
416
416
416
369
369
369
369
369
369
369
369
439
439
439
439
439
439
439
439
376
376
376
376
376
376
376
376
322
322
322
322
322
322
322
322
308
308
308
308
308
308
308
308
347
347
347
347
347
347
347
347
392
392
392
392
392
392
392
392
365
365
365
365
365
365
365
365
441
441
441
441
441
441
441
441
375
375
375
375
375
375
375
375
337
337
337
337
337
337
337
337
355
355
355
355
355
355
355
355
413
413
413
413
413
413
413
413
346
346
346
346
346
346
346
346
346
346
346
346
346
346
346
346
393
393
393
393
393
393
393
393
377
377
377
377
377
377
377
377
424
424
424
424
424
424
424
424
348
348
348
348
348
348
348
348
362
362
362
362
362
362
362
362
404
404
404
404
404
404
404
404
378
378
378
378
378
378
378
378
420
420
420
420
420
420
420
420
400
400
400
400
400
400
400
400
364
364
364
364
364
364
364
364
431
431
431
431
431
431
431
431
412
412
412
412
412
412
412
412
354
354
354
354
354
354
354
354
481
481
481
481
481
481
481
481
396
396
396
396
396
396
396
396
430
430
430
430
430
430
430
430
338
338
338
338
338
338
338
338
270
270
270
270
270
270
270
270
389
389
389
389
389
389
389
389
398
398
398
398
398
398
398
398
359
359
359
359
359
359
359
359
419
419
419
419
419
419
419
419
383
383
383
383
383
383
383
383
309
309
309
309
309
309
309
309
347
347
347
347
347
347
347
347
415
415
415
415
415
415
415
415
334
334
334
334
334
334
334
334
262
262
262
262
262
262
262
262
300
300
300
300
300
300
300
300
433
433
433
433
433
433
433
433
346
346
346
346
346
346
346
346
302
302
302
302
302
302
302
302
405
405
405
405
405
405
405
405
317
317
317
317
317
317
317
317
304
304
304
304
304
304
304
304
430
430
430
430
430
430
430
430
371
371
371
371
371
371
371
371
418
418
418
418
418
418
418
418
393
393
393
393
393
393
393
393
343
343
343
343
343
343
343
343
330
330
330
330
330
330
330
330
308
308
308
308
308
308
308
308
297
297
297
297
297
297
297
297
344
344
344
344
344
344
344
344
360
360
360
360
360
360
360
360
387
387
387
387
387
387
387
387
402
402
402
402
402
402
402
402
419
419
419
419
419
419
419
419
365
365
365
365
365
365
365
365
434
434
434
434
434
434
434
434
362
362
362
362
362
362
362
362
333
333
333
333
333
333
333
333
343
343
343
343
343
343
343
343
321
321
321
321
321
321
321
321
352
352
352
352
352
352
352
352
429
429
429
429
429
429
429
429
414
414
414
414
414
414
414
414
400
400
400
400
400
400
400
400
385
385
385
385
385
385
385
385
389
389
389
389
389
389
389
389
292
292
292
292
292
292
292
292
401
401
401
401
401
401
401
401
418
418
418
418
418
418
418
418
346
346
346
346
346
346
346
346
297
297
297
297
297
297
297
297
335
335
335
335
335
335
335
335
420
420
420
420
420
420
420
420
387
387
387
387
387
387
387
387
313
313
313
313
313
313
313
313
338
338
338
338
338
338
338
338
407
407
407
407
407
407
407
407
434
434
434
434
434
434
434
434
334
334
334
334
334
334
334
334
413
413
413
413
413
413
413
413
442
442
442
442
442
442
442
442
381
381
381
381
381
381
381
381
327
327
327
327
327
327
327
327
412
412
412
412
412
412
412
412
314
314
314
314
314
314
314
314
327
327
327
327
327
327
327
327
442
442
442
442
442
442
442
442
329
329
329
329
329
329
329
329
408
408
408
408
408
408
408
408
444
444
444
444
444
444
444
444
404
404
404
404
404
404
404
404
367
367
367
367
367
367
367
367
315
315
315
315
315
315
315
315
458
458
458
458
458
458
458
458
388
388
388
388
388
388
388
388
345
345
345
345
345
345
345
345
384
384
384
384
384
384
384
384
419
419
419
419
419
419
419
419
361
361
361
361
361
361
361
361
386
386
386
386
386
386
386
386
414
414
414
414
414
414
414
414
350
350
350
350
350
350
350
350
333
333
333
333
333
333
333
333
380
380
380
380
380
380
380
380
350
350
350
350
350
350
350
350
396
396
396
396
396
396
396
396
418
418
418
418
418
418
418
418
348
348
348
348
348
348
348
348
330
330
330
330
330
330
330
330
396
396
396
396
396
396
396
396
401
401
401
401
401
401
401
401
411
411
411
411
411
411
411
411
381
381
381
381
381
381
381
381
327
327
327
327
327
327
327
327
434
434
434
434
434
434
434
434
343
343
343
343
343
343
343
343
311
311
311
311
311
311
311
311
404
404
404
404
404
404
404
404
357
357
357
357
357
357
357
357
435
435
435
435
435
435
435
435
357
357
357
357
357
357
357
357
349
349
349
349
349
349
349
349
417
417
417
417
417
417
417
417
378
378
378
378
378
378
378
378
355
355
355
355
355
355
355
355
359
359
359
359
359
359
359
359
346
346
346
346
346
346
346
346
334
334
334
334
334
334
334
334
355
355
355
355
355
355
355
355
395
395
395
395
395
395
395
395
375
375
375
375
375
375
375
375
426
426
426
426
426
426
426
426
401
401
401
401
401
401
401
401
356
356
356
356
356
356
356
356
307
307
307
307
307
307
307
307
259
259
259
259
259
259
259
259
323
323
323
323
323
323
323
323
442
442
442
442
442
442
442
442
356
356
356
356
356
356
356
356
367
367
367
367
367
367
367
367
407
407
407
407
407
407
407
407
382
382
382
382
382
382
382
382
397
397
397
397
397
397
397
397
346
346
346
346
346
346
346
346
383
383
383
383
383
383
383
383
456
456
456
456
456
456
456
456
397
397
397
397
397
397
397
397
380
380
380
380
380
380
380
380
428
428
428
428
428
428
428
428
389
389
389
389
389
389
389
389
356
356
356
356
356
356
356
356
431
431
431
431
431
431
431
431
358
358
358
358
358
358
358
358
317
317
317
317
317
317
317
317
323
323
323
323
323
323
323
323
341
341
341
341
341
341
341
341
393
393
393
393
393
393
393
393
290
290
290
290
290
290
290
290
376
376
376
376
376
376
376
376
393
393
393
393
393
393
393
393
436
436
436
436
436
436
436
436
389
389
389
389
389
389
389
389
367
367
367
367
367
367
367
367
409
409
409
409
409
409
409
409
444
444
444
444
444
444
444
444
353
353
353
353
353
353
353
353
340
340
340
340
340
340
340
340
439
439
439
439
439
439
439
439
364
364
364
364
364
364
364
364
298
298
298
298
298
298
298
298
327
327
327
327
327
327
327
327
376
376
376
376
376
376
376
376
324
324
324
324
324
324
324
324
420
420
420
420
420
420
420
420
346
346
346
346
346
346
346
346
326
326
326
326
326
326
326
326
345
345
345
345
345
345
345
345
396
396
396
396
396
396
396
396
430
430
430
430
430
430
430
430
385
385
385
385
385
385
385
385
424
424
424
424
424
424
424
424
339
339
339
339
339
339
339
339
289
289
289
289
289
289
289
289
405
405
405
405
405
405
405
405
364
364
364
364
364
364
364
364
391
391
391
391
391
391
391
391
387
387
387
387
387
387
387
387
413
413
413
413
413
413
413
413
350
350
350
350
350
350
350
350
296
296
296
296
296
296
296
296
334
334
334
334
334
334
334
334
393
393
393
393
393
393
393
393
324
324
324
324
324
324
324
324
309
309
309
309
309
309
309
309
428
428
428
428
428
428
428
428
377
377
377
377
377
377
377
377
352
352
352
352
352
352
352
352
329
329
329
329
329
329
329
329
348
348
348
348
348
348
348
348
403
403
403
403
403
403
403
403
333
333
333
333
333
333
333
333
352
352
352
352
352
352
352
352
423
423
423
423
423
423
423
423
373
373
373
373
373
373
373
373
322
322
322
322
322
322
322
322
352
352
352
352
352
352
352
352
408
408
408
408
408
408
408
408
429
429
429
429
429
429
429
429
385
385
385
385
385
385
385
385
425
425
425
425
425
425
425
425
378
378
378
378
378
378
378
378
328
328
328
328
328
328
328
328
424
424
424
424
424
424
424
424
353
353
353
353
353
353
353
353
329
329
329
329
329
329
329
329
345
345
345
345
345
345
345
345
347
347
347
347
347
347
347
347
316
316
316
316
316
316
316
316
295
295
295
295
295
295
295
295
469
469
469
469
469
469
469
469
402
402
402
402
402
402
402
402
320
320
320
320
320
320
320
320
290
290
290
290
290
290
290
290
419
419
419
419
419
419
419
419
349
349
349
349
349
349
349
349
268
268
268
268
268
268
268
268
300
300
300
300
300
300
300
300
439
439
439
439
439
439
439
439
351
351
351
351
351
351
351
351
416
416
416
416
416
416
416
416
351
351
351
351
351
351
351
351
335
335
335
335
335
335
335
335
395
395
395
395
395
395
395
395
343
343
343
343
343
343
343
343
288
288
288
288
288
288
288
288
263
263
263
263
263
263
263
263
398
398
398
398
398
398
398
398
408
408
408
408
408
408
408
408
364
364
364
364
364
364
364
364
431
431
431
431
431
431
431
431
325
325
325
325
325
325
325
325
312
312
312
312
312
312
312
312
437
437
437
437
437
437
437
437
350
350
350
350
350
350
350
350
295
295
295
295
295
295
295
295
340
340
340
340
340
340
340
340
366
366
366
366
366
366
366
366
407
407
407
407
407
407
407
407
404
404
404
404
404
404
404
404
360
360
360
360
360
360
360
360
379
379
379
379
379
379
379
379
417
417
417
417
417
417
417
417
362
362
362
362
362
362
362
362
349
349
349
349
349
349
349
349
382
382
382
382
382
382
382
382
374
374
374
374
374
374
374
374
398
398
398
398
398
398
398
398
407
407
407
407
407
407
407
407
316
316
316
316
316
316
316
316
313
313
313
313
313
313
313
313
428
428
428
428
428
428
428
428
319
319
319
319
319
319
319
319
278
278
278
278
278
278
278
278
428
428
428
428
428
428
428
428
422
422
422
422
422
422
422
422
349
349
349
349
349
349
349
349
323
323
323
323
323
323
323
323
426
426
426
426
426
426
426
426
