306
306
306
306
306
306
306
306
312
312
312
312
312
312
312
312
423
423
423
423
423
423
423
423
354
354
354
354
354
354
354
354
335
335
335
335
335
335
335
335
385
385
385
385
385
385
385
385
424
424
424
424
424
424
424
424
366
366
366
366
366
366
366
366
305
305
305
305
305
305
305
305
254
254
254
254
254
254
254
254
324
324
324
324
324
324
324
324
396
396
396
396
396
396
396
396
425
425
425
425
425
425
425
425
393
393
393
393
393
393
393
393
421
421
421
421
421
421
421
421
351
351
351
351
351
351
351
351
304
304
304
304
304
304
304
304
340
340
340
340
340
340
340
340
385
385
385
385
385
385
385
385
342
342
342
342
342
342
342
342
423
423
423
423
423
423
423
423
373
373
373
373
373
373
373
373
383
383
383
383
383
383
383
383
358
358
358
358
358
358
358
358
407
407
407
407
407
407
407
407
376
376
376
376
376
376
376
376
471
471
471
471
471
471
471
471
396
396
396
396
396
396
396
396
315
315
315
315
315
315
315
315
385
385
385
385
385
385
385
385
380
380
380
380
380
380
380
380
378
378
378
378
378
378
378
378
402
402
402
402
402
402
402
402
412
412
412
412
412
412
412
412
364
364
364
364
364
364
364
364
439
439
439
439
439
439
439
439
375
375
375
375
375
375
375
375
354
354
354
354
354
354
354
354
387
387
387
387
387
387
387
387
403
403
403
403
403
403
403
403
423
423
423
423
423
423
423
423
348
348
348
348
348
348
348
348
317
317
317
317
317
317
317
317
419
419
419
419
419
419
419
419
364
364
364
364
364
364
364
364
325
325
325
325
325
325
325
325
322
322
322
322
322
322
322
322
279
279
279
279
279
279
279
279
317
317
317
317
317
317
317
317
434
434
434
434
434
434
434
434
326
326
326
326
326
326
326
326
307
307
307
307
307
307
307
307
444
444
444
444
444
444
444
444
323
323
323
323
323
323
323
323
370
370
370
370
370
370
370
370
391
391
391
391
391
391
391
391
430
430
430
430
430
430
430
430
392
392
392
392
392
392
392
392
374
374
374
374
374
374
374
374
424
424
424
424
424
424
424
424
387
387
387
387
387
387
387
387
353
353
353
353
353
353
353
353
437
437
437
437
437
437
437
437
319
319
319
319
319
319
319
319
402
402
402
402
402
402
402
402
406
406
406
406
406
406
406
406
346
346
346
346
346
346
346
346
331
331
331
331
331
331
331
331
396
396
396
396
396
396
396
396
399
399
399
399
399
399
399
399
351
351
351
351
351
351
351
351
302
302
302
302
302
302
302
302
323
323
323
323
323
323
323
323
396
396
396
396
396
396
396
396
429
429
429
429
429
429
429
429
341
341
341
341
341
341
341
341
299
299
299
299
299
299
299
299
455
455
455
455
455
455
455
455
376
376
376
376
376
376
376
376
463
463
463
463
463
463
463
463
408
408
408
408
408
408
408
408
339
339
339
339
339
339
339
339
295
295
295
295
295
295
295
295
346
346
346
346
346
346
346
346
392
392
392
392
392
392
392
392
422
422
422
422
422
422
422
422
365
365
365
365
365
365
365
365
393
393
393
393
393
393
393
393
408
408
408
408
408
408
408
408
313
313
313
313
313
313
313
313
336
336
336
336
336
336
336
336
407
407
407
407
407
407
407
407
374
374
374
374
374
374
374
374
472
472
472
472
472
472
472
472
417
417
417
417
417
417
417
417
356
356
356
356
356
356
356
356
295
295
295
295
295
295
295
295
280
280
280
280
280
280
280
280
451
451
451
451
451
451
451
451
386
386
386
386
386
386
386
386
335
335
335
335
335
335
335
335
467
467
467
467
467
467
467
467
419
419
419
419
419
419
419
419
392
392
392
392
392
392
392
392
377
377
377
377
377
377
377
377
419
419
419
419
419
419
419
419
407
407
407
407
407
407
407
407
386
386
386
386
386
386
386
386
361
361
361
361
361
361
361
361
410
410
410
410
410
410
410
410
375
375
375
375
375
375
375
375
472
472
472
472
472
472
472
472
415
415
415
415
415
415
415
415
326
326
326
326
326
326
326
326
292
292
292
292
292
292
292
292
456
456
456
456
456
456
456
456
375
375
375
375
375
375
375
375
454
454
454
454
454
454
454
454
406
406
406
406
406
406
406
406
412
412
412
412
412
412
412
412
404
404
404
404
404
404
404
404
345
345
345
345
345
345
345
345
303
303
303
303
303
303
303
303
329
329
329
329
329
329
329
329
379
379
379
379
379
379
379
379
325
325
325
325
325
325
325
325
417
417
417
417
417
417
417
417
347
347
347
347
347
347
347
347
301
301
301
301
301
301
301
301
337
337
337
337
337
337
337
337
412
412
412
412
412
412
412
412
393
393
393
393
393
393
393
393
378
378
378
378
378
378
378
378
420
420
420
420
420
420
420
420
391
391
391
391
391
391
391
391
369
369
369
369
369
369
369
369
392
392
392
392
392
392
392
392
376
376
376
376
376
376
376
376
426
426
426
426
426
426
426
426
393
393
393
393
393
393
393
393
327
327
327
327
327
327
327
327
340
340
340
340
340
340
340
340
422
422
422
422
422
422
422
422
403
403
403
403
403
403
403
403
341
341
341
341
341
341
341
341
353
353
353
353
353
353
353
353
394
394
394
394
394
394
394
394
308
308
308
308
308
308
308
308
403
403
403
403
403
403
403
403
443
443
443
443
443
443
443
443
400
400
400
400
400
400
400
400
349
349
349
349
349
349
349
349
299
299
299
299
299
299
299
299
256
256
256
256
256
256
256
256
319
319
319
319
319
319
319
319
352
352
352
352
352
352
352
352
385
385
385
385
385
385
385
385
402
402
402
402
402
402
402
402
420
420
420
420
420
420
420
420
325
325
325
325
325
325
325
325
413
413
413
413
413
413
413
413
444
444
444
444
444
444
444
444
387
387
387
387
387
387
387
387
365
365
365
365
365
365
365
365
437
437
437
437
437
437
437
437
348
348
348
348
348
348
348
348
296
296
296
296
296
296
296
296
406
406
406
406
406
406
406
406
438
438
438
438
438
438
438
438
393
393
393
393
393
393
393
393
356
356
356
356
356
356
356
356
415
415
415
415
415
415
415
415
410
410
410
410
410
410
410
410
375
375
375
375
375
375
375
375
416
416
416
416
416
416
416
416
415
415
415
415
415
415
415
415
409
409
409
409
409
409
409
409
348
348
348
348
348
348
348
348
365
365
365
365
365
365
365
365
421
421
421
421
421
421
421
421
329
329
329
329
329
329
329
329
261
261
261
261
261
261
261
261
395
395
395
395
395
395
395
395
436
436
436
436
436
436
436
436
394
394
394
394
394
394
394
394
384
384
384
384
384
384
384
384
420
420
420
420
420
420
420
420
376
376
376
376
376
376
376
376
349
349
349
349
349
349
349
349
317
317
317
317
317
317
317
317
291
291
291
291
291
291
291
291
354
354
354
354
354
354
354
354
413
413
413
413
413
413
413
413
351
351
351
351
351
351
351
351
327
327
327
327
327
327
327
327
331
331
331
331
331
331
331
331
292
292
292
292
292
292
292
292
347
347
347
347
347
347
347
347
400
400
400
400
400
400
400
400
317
317
317
317
317
317
317
317
412
412
412
412
412
412
412
412
354
354
354
354
354
354
354
354
294
294
294
294
294
294
294
294
280
280
280
280
280
280
280
280
411
411
411
411
411
411
411
411
329
329
329
329
329
329
329
329
412
412
412
412
412
412
412
412
376
376
376
376
376
376
376
376
400
400
400
400
400
400
400
400
343
343
343
343
343
343
343
343
347
347
347
347
347
347
347
347
391
391
391
391
391
391
391
391
345
345
345
345
345
345
345
345
377
377
377
377
377
377
377
377
452
452
452
452
452
452
452
452
384
384
384
384
384
384
384
384
461
461
461
461
461
461
461
461
392
392
392
392
392
392
392
392
348
348
348
348
348
348
348
348
438
438
438
438
438
438
438
438
321
321
321
321
321
321
321
321
401
401
401
401
401
401
401
401
405
405
405
405
405
405
405
405
335
335
335
335
335
335
335
335
423
423
423
423
423
423
423
423
346
346
346
346
346
346
346
346
271
271
271
271
271
271
271
271
330
330
330
330
330
330
330
330
394
394
394
394
394
394
394
394
349
349
349
349
349
349
349
349
387
387
387
387
387
387
387
387
421
421
421
421
421
421
421
421
362
362
362
362
362
362
362
362
382
382
382
382
382
382
382
382
417
417
417
417
417
417
417
417
335
335
335
335
335
335
335
335
412
412
412
412
412
412
412
412
365
365
365
365
365
365
365
365
406
406
406
406
406
406
406
406
402
402
402
402
402
402
402
402
351
351
351
351
351
351
351
351
303
303
303
303
303
303
303
303
322
322
322
322
322
322
322
322
384
384
384
384
384
384
384
384
424
424
424
424
424
424
424
424
357
357
357
357
357
357
357
357
298
298
298
298
298
298
298
298
333
333
333
333
333
333
333
333
373
373
373
373
373
373
373
373
308
308
308
308
308
308
308
308
468
468
468
468
468
468
468
468
407
407
407
407
407
407
407
407
377
377
377
377
377
377
377
377
315
315
315
315
315
315
315
315
424
424
424
424
424
424
424
424
372
372
372
372
372
372
372
372
403
403
403
403
403
403
403
403
348
348
348
348
348
348
348
348
300
300
300
300
300
300
300
300
301
301
301
301
301
301
301
301
339
339
339
339
339
339
339
339
396
396
396
396
396
396
396
396
359
359
359
359
359
359
359
359
393
393
393
393
393
393
393
393
357
357
357
357
357
357
357
357
424
424
424
424
424
424
424
424
416
416
416
416
416
416
416
416
406
406
406
406
406
406
406
406
346
346
346
346
346
346
346
346
349
349
349
349
349
349
349
349
396
396
396
396
396
396
396
396
353
353
353
353
353
353
353
353
396
396
396
396
396
396
396
396
432
432
432
432
432
432
432
432
362
362
362
362
362
362
362
362
303
303
303
303
303
303
303
303
302
302
302
302
302
302
302
302
337
337
337
337
337
337
337
337
394
394
394
394
394
394
394
394
365
365
365
365
365
365
365
365
408
408
408
408
408
408
408
408
333
333
333
333
333
333
333
333
344
344
344
344
344
344
344
344
386
386
386
386
386
386
386
386
364
364
364
364
364
364
364
364
409
409
409
409
409
409
409
409
