1274
695
622
520
552
559
553
537
546
533
547
534
546
534
538
531
540
529
539
530
546
515
542
519
539
515
537
531
551
535
531
536
541
547
540
533
536
528
540
532
546
537
529
530
541
537
543
530
539
534
547
522
535
527
536
541
551
523
543
532
543
527
543
520
537
538
548
535
538
541
540
531
535
518
537
530
542
526
529
527
541
533
542
522
533
526
533
537
539
535
541
530
538
533
545
530
542
529
544
540
532
529
528
533
526
526
537
525
535
534
538
530
524
527
527
536
539
537
554
519
537
519
539
542
543
528
538
519
535
540
540
488
545
528
549
534
555
547
538
537
529
549
536
540
538
532
531
521
548
537
520
528
536
544
545
544
533
521
536
527
543
518
539
530
523
533
539
517
544
528
541
520
532
536
537
523
539
525
546
540
546
536
541
536
535
541
538
546
539
517
526
537
536
521
536
539
544
533
527
532
544
531
542
527
548
529
545
541
545
535
547
527
538
525
536
531
537
521
528
527
535
524
535
527
540
530
543
535
536
534
537
541
533
534
535
528
542
521
529
527
540
535
533
530
530
546
554
524
534
541
544
520
537
538
538
531
538
521
548
538
549
531
546
539
543
531
547
536
538
535
543
526
541
537
535
536
555
533
545
544
550
529
527
542
550
532
547
540
537
532
539
542
536
536
556
547
541
525
548
550
541
543
557
524
555
529
546
532
532
516
549
540
534
534
544
531
535
533
538
521
549
529
557
529
535
536
545
542
537
529
545
528
537
530
550
538
539
539
531
524
537
531
563
525
543
538
544
543
531
525
532
527
533
534
525
532
533
529
550
516
545
527
537
535
539
530
525
517
545
534
540
538
539
542
549
527
540
515
535
517
514
534
553
544
539
537
550
521
532
533
546
540
567
533
536
522
529
521
538
538
542
531
530
528
539
526
544
526
532
520
525
531
537
523
538
544
561
528
547
537
527
537
541
529
526
532
532
528
538
525
537
538
541
532
533
545
536
535
540
527
543
532
516
527
528
535
528
524
539
518
528
530
520
521
534
528
540
530
532
530
535
525
544
533
538
524
548
525
534
531
543
539
548
559
546
538
546
538
558
542
530
536
547
544
561
540
543
530
542
549
544
541
540
535
547
535
530
547
542
537
545
542
544
528
547
529
540
533
541
533
544
538
523
537
539
530
539
538
537
538
540
542
531
535
538
536
540
534
544
530
547
527
552
540
555
545
545
525
547
526
555
527
550
525
532
533
534
527
539
531
535
530
537
516
537
527
524
514
537
530
556
526
542
525
552
540
538
512
531
531
529
529
545
527
539
543
544
533
537
524
543
530
545
505
552
527
545
520
543
518
536
536
545
527
535
523
541
528
537
524
538
531
534
532
536
519
526
514
535
534
531
528
531
532
529
525
527
542
547
538
544
531
536
535
548
536
543
522
522
530
541
521
533
527
534
522
542
524
534
536
535
522
536
530
535
527
538
527
539
528
548
532
527
527
529
531
536
533
543
525
540
536
530
527
532
531
535
527
551
532
533
527
538
517
530
530
540
524
532
540
540
537
539
516
537
542
540
539
533
534
547
534
544
519
535
535
541
524
535
531
534
527
514
528
538
528
538
540
536
535
545
533
529
533
548
520
534
541
539
550
527
530
526
530
529
528
534
531
541
534
524
542
513
538
533
538
541
521
543
520
540
528
540
519
540
526
542
532
544
535
535
547
525
527
528
512
548
531
544
533
538
534
536
531
543
539
543
536
529
539
539
520
528
545
538
535
524
533
543
525
546
534
544
533
539
531
536
534
548
538
560
533
547
534
529
541
528
538
541
533
532
539
552
529
527
537
536
520
538
533
544
535
539
531
542
525
534
527
534
521
544
522
542
546
536
539
537
527
545
533
535
534
533
534
539
529
540
520
549
542
533
529
542
542
560
518
535
539
541
537
540
528
536
521
540
528
535
528
528
535
531
533
539
527
523
530
534
542
539
537
547
530
532
527
543
531
542
531
539
520
538
534
538
527
539
533
547
521
533
532
542
537
543
530
541
529
549
528
539
527
542
532
540
535
542
538
542
526
532
539
537
539
541
528
534
527
536
527
535
533
542
534
542
533
535
536
540
521
551
524
555
547
538
536
555
527
560
533
542
522
534
516
512
502
511
499
494
513
575
605
620
732
819
806
807
810
801
804
822
795
798
784
789
726
736
725
773
780
758
751
750
632
628
602
496
456
454
443
450
453
498
459
463
438
446
445
515
592
600
589
590
551
610
580
582
585
521
484
463
492
484
479
497
606
627
603
591
605
609
582
598
589
620
576
513
516
528
513
518
513
489
497
497
495
502
491
497
498
501
490
496
567
590
572
575
602
616
616
628
607
635
622
617
622
625
617
616
611
630
592
612
601
614
592
628
600
614
620
623
600
625
608
601
611
609
587
582
574
559
533
537
525
483
373
379
379
386
382
384
426
555
555
557
559
570
553
549
562
563
564
565
563
554
591
641
636
639
592
593
595
599
587
605
566
578
557
492
432
443
438
379
390
383
379
495
603
597
575
583
571
547
501
600
572
582
596
572
576
586
571
570
542
543
541
558
570
560
549
573
579
560
562
568
575
569
554
545
458
456
460
482
473
608
626
620
616
624
610
616
646
627
618
617
616
642
627
639
650
618
628
629
627
595
592
472
449
449
445
461
449
461
445
455
446
440
451
439
437
442
427
442
525
616
574
592
608
599
600
603
596
612
613
598
566
506
508
517
501
501
497
511
500
519
536
539
526
547
538
558
554
558
597
616
597
520
524
531
488
449
478
571
531
542
536
541
534
549
545
548
534
528
521
546
538
565
547
557
566
552
547
579
580
591
548
552
541
557
546
573
570
582
560
559
566
578
577
570
561
574
569
585
567
572
477
397
382
403
409
431
391
403
389
504
522
531
542
535
528
521
549
538
544
551
550
516
521
529
529
536
532
529
530
527
529
530
527
519
523
526
510
523
517
542
530
549
533
543
538
537
549
622
624
625
602
589
578
578
565
585
580
587
581
569
556
581
578
569
555
587
556
565
559
574
558
566
554
546
539
507
476
489
476
588
614
609
509
488
474
489
491
498
485
482
489
525
686
687
661
687
684
684
684
687
661
576
570
596
583
585
564
576
574
585
566
577
573
573
570
565
578
572
567
588
587
590
584
604
575
578
574
574
567
496
496
503
510
513
571
569
566
573
550
577
545
550
536
555
540
553
594
648
642
652
640
632
622
638
652
654
628
636
629
650
629
634
563
565
495
408
397
382
385
388
392
392
507
524
546
532
527
531
522
545
546
546
519
549
523
519
540
541
538
543
553
542
554
616
629
645
643
601
535
541
470
482
468
465
454
467
460
687
612
691
683
650
602
613
621
619
633
606
581
601
609
601
590
583
582
595
583
604
590
593
596
588
589
587
586
602
584
607
580
558
450
470
433
439
453
451
450
463
436
403
392
479
691
663
671
690
652
541
501
500
496
524
529
554
545
553
532
561
554
592
587
579
568
580
575
576
582
573
578
573
583
578
536
442
438
445
430
437
477
494
495
504
490
503
516
616
626
616
607
621
613
532
497
487
454
450
438
484
701
721
705
702
684
588
561
610
556
561
541
587
621
624
589
604
589
595
584
586
575
567
551
533
525
543
520
540
530
544
541
545
526
566
537
537
522
541
552
549
521
542
543
550
535
554
529
532
529
543
515
536
590
602
599
613
600
609
600
592
600
615
603
609
609
610
599
617
599
610
593
599
616
607
532
533
510
504
510
522
486
486
420
423
415
422
433
421
417
427
411
425
399
429
426
396
412
538
611
618
609
615
614
607
610
618
599
606
607
618
588
609
605
605
557
487
463
457
463
456
466
430
401
415
409
426
428
415
412
441
606
600
591
611
603
604
616
587
586
596
556
560
483
417
379
416
405
425
414
443
510
509
509
514
504
512
495
502
495
513
509
514
504
506
500
523
505
509
559
607
607
603
596
608
592
599
580
594
577
601
591
589
610
601
549
538
528
535
537
540
449
450
457
435
434
451
499
492
551
491
498
484
509
490
507
572
608
606
592
546
540
534
532
547
544
545
573
586
554
546
536
535
544
536
538
574
587
578
576
567
584
581
573
563
578
575
583
581
575
580
582
570
593
538
502
485
502
499
494
490
527
558
529
492
522
565
576
565
573
560
566
583
612
623
637
621
607
636
634
621
623
608
615
596
578
464
466
539
672
662
685
675
653
602
595
583
596
593
590
587
596
598
603
586
585
597
601
582
590
584
602
515
503
489
507
514
517
500
484
417
394
399
396
412
378
390
415
391
402
403
410
397
395
379
407
428
429
446
435
466
664
658
662
670
655
646
669
648
679
660
661
659
675
664
643
630
665
637
501
505
501
487
480
487
489
474
484
563
605
575
496
498
499
498
503
482
500
489
501
474
483
461
466
461
479
480
490
478
489
482
492
488
497
490
493
492
495
483
480
471
436
429
430
431
422
379
397
384
392
389
395
398
392
418
485
653
677
666
684
665
674
673
683
662
672
584
577
571
554
553
554
534
554
546
552
540
553
554
570
566
584
571
549
527
544
540
533
527
530
517
518
537
530
517
534
518
535
533
530
524
536
520
536
527
537
523
532
517
527
522
544
519
535
527
531
533
528
523
529
517
562
590
651
627
622
615
572
469
462
460
465
462
475
471
466
689
681
674
672
583
604
598
573
517
514
506
512
504
515
496
489
495
512
425
431
411
417
407
432
417
436
434
434
419
431
409
566
623
608
601
620
608
587
564
617
630
619
587
621
512
522
534
523
531
525
521
500
472
476
473
472
453
503
511
590
701
676
678
693
686
698
687
691
677
698
686
707
692
660
672
677
655
666
674
669
645
677
684
693
664
664
671
680
650
680
654
611
610
619
601
618
605
575
544
502
488
515
521
528
495
472
631
718
723
745
727
729
725
734
719
720
697
728
700
608
558
651
679
698
675
684
684
683
664
659
532
519
515
521
506
529
510
596
573
612
608
616
645
642
654
673
638
638
655
651
585
602
591
594
602
564
549
531
526
539
602
632
615
624
590
594
599
605
585
532
470
458
344
357
350
338
342
368
357
376
367
414
435
427
445
442
435
436
576
615
610
499
462
467
472
467
462
482
477
498
484
496
476
606
599
609
609
616
589
618
613
613
597
607
598
602
586
600
583
570
505
514
527
509
504
522
499
509
491
488
480
489
483
488
489
491
476
486
493
511
499
491
503
501
485
491
477
479
509
508
483
505
483
497
452
458
439
458
454
459
447
455
445
497
506
509
506
557
629
644
636
644
635
646
622
622
619
621
626
616
615
622
626
617
607
613
600
622
580
589
596
587
554
506
500
516
546
495
455
479
442
466
476
501
472
468
474
471
477
482
472
478
477
467
454
480
466
470
453
457
451
442
428
437
419
436
417
425
418
429
426
413
412
443
416
416
431
436
443
462
445
459
447
548
650
635
622
570
527
520
531
533
521
582
623
625
615
624
609
602
554
536
540
552
539
541
538
498
490
491
484
495
492
490
479
544
693
690
695
677
677
693
682
693
686
693
685
677
692
686
694
661
671
693
668
616
596
588
595
576
551
547
541
533
547
539
547
544
540
541
529
556
542
549
579
599
594
595
573
536
511
536
503
532
441
438
423
405
398
370
382
407
394
479
588
613
630
656
647
644
603
657
630
630
584
588
589
581
584
576
580
593
595
581
593
591
520
509
515
503
509
500
507
444
390
419
411
420
416
529
691
696
694
692
683
605
575
583
584
582
577
603
552
584
589
593
576
597
589
593
587
587
590
595
590
540
454
470
457
481
444
425
403
391
409
405
397
407
400
403
410
446
451
616
672
567
493
503
501
525
553
551
544
561
515
526
525
527
533
549
529
527
533
539
527
526
518
523
529
539
524
573
557
564
604
648
628
631
614
577
551
567
547
550
529
515
516
522
548
607
575
598
590
587
582
611
596
519
499
507
500
514
475
399
393
399
395
418
398
405
377
406
381
415
397
401
427
441
434
442
438
439
446
449
470
488
464
633
617
677
603
625
623
552
533
551
521
537
541
571
642
636
667
654
628
632
638
685
643
635
620
518
502
507
506
521
505
513
497
515
504
503
499
488
526
528
522
531
598
616
575
492
490
493
493
504
504
528
492
496
492
483
491
493
504
495
478
508
456
426
437
425
421
430
478
476
493
498
484
495
497
483
489
488
488
524
560
549
533
558
530
524
506
479
479
469
471
483
487
698
700
702
642
645
632
618
605
614
586
591
564
483
484
483
481
478
477
490
475
480
479
487
485
480
468
450
449
471
442
594
645
654
654
626
611
623
541
527
526
522
519
529
520
517
506
514
456
467
457
454
452
458
452
466
436
442
433
438
398
409
398
413
395
406
406
436
546
644
611
641
632
651
638
622
582
613
580
587
573
579
573
581
534
491
469
484
471
477
477
478
466
528
556
557
645
686
674
690
647
670
651
666
657
600
583
584
578
576
571
581
576
574
573
550
530
547
527
538
542
540
533
547
537
532
528
542
545
548
520
599
636
631
622
621
613
626
511
516
513
516
511
523
505
511
523
509
512
512
508
515
499
519
513
510
504
514
516
558
568
568
555
573
571
568
558
571
603
549
480
483
470
476
486
496
504
500
504
487
502
490
479
559
602
592
572
570
571
581
584
582
563
590
586
577
484
488
478
488
475
470
473
482
468
471
452
475
468
445
347
363
359
374
352
359
353
342
355
380
340
363
364
358
339
370
378
363
371
370
343
361
356
375
344
356
353
366
344
371
363
352
365
403
420
444
420
434
426
453
423
436
413
426
428
455
441
599
607
649
572
465
452
460
466
470
447
446
474
511
482
529
589
593
590
610
596
597
561
526
496
546
562
593
593
608
589
591
593
598
599
592
560
562
574
548
533
536
580
627
617
635
620
620
622
635
627
630
623
615
621
616
629
632
612
617
623
626
616
645
613
624
617
633
598
618
613
623
615
624
621
601
633
642
614
643
633
638
635
639
615
616
533
495
504
513
494
509
483
487
494
444
444
437
439
484
495
493
487
499
493
523
484
503
520
525
498
568
574
561
556
580
567
576
564
573
554
571
554
451
443
443
443
459
449
456
533
628
612
626
611
632
621
606
602
615
593
604
589
609
609
620
617
633
613
617
616
627
603
590
539
510
498
595
634
650
638
573
514
520
503
524
513
509
519
508
498
501
501
494
513
505
527
542
595
637
560
562
553
579
560
575
552
555
563
561
554
553
518
548
529
558
538
544
520
520
510
526
519
530
533
529
545
623
604
631
622
610
589
530
507
515
501
531
495
503
454
469
475
473
456
453
453
470
454
479
471
467
476
469
474
472
471
479
470
464
453
468
430
422
415
421
426
445
440
452
476
522
483
499
657
681
646
658
577
598
578
592
550
545
541
556
530
536
523
543
553
520
518
541
507
506
521
520
499
514
492
505
525
503
489
470
451
465
457
466
474
446
458
469
463
460
454
474
467
462
457
454
451
466
464
458
464
442
448
465
449
476
447
464
470
453
457
501
511
525
513
515
521
513
522
539
522
511
514
464
458
484
518
519
512
519
476
521
520
522
518
525
523
625
600
610
604
611
592
574
567
581
598
558
547
560
536
555
536
538
538
545
534
598
582
584
579
590
582
583
577
567
498
513
499
498
503
514
575
580
560
573
574
556
570
565
575
633
645
635
626
654
633
633
641
650
649
625
645
649
631
647
634
655
640
645
637
645
629
546
510
520
515
512
433
404
413
411
415
459
440
452
457
474
455
456
451
460
457
459
445
434
435
469
459
477
473
479
459
470
450
459
449
468
453
476
450
463
450
460
436
406
398
427
413
403
372
392
389
389
379
394
398
586
668
655
659
640
559
549
538
549
565
555
556
563
559
551
554
563
557
506
474
486
471
483
461
473
498
690
683
701
614
621
608
632
616
626
604
618
599
565
551
563
555
571
565
527
476
471
473
487
483
475
495
486
481
488
489
483
471
498
485
500
542
552
552
522
556
558
557
568
552
547
426
434
423
431
411
453
441
530
685
695
679
678
643
631
590
594
563
566
538
552
539
563
550
552
552
567
547
563
450
462
436
444
425
429
567
580
550
569
566
560
556
591
584
597
585
600
570
602
615
603
623
614
606
596
578
562
570
486
483
485
470
475
464
463
465
465
431
458
468
471
458
462
464
495
634
644
637
631
629
640
640
642
636
631
610
565
532
534
456
468
441
461
453
483
444
470
453
465
511
510
502
509
504
515
513
523
511
550
595
595
608
611
565
498
475
466
479
494
480
489
470
488
536
545
535
552
525
450
434
449
436
443
473
684
673
650
669
571
532
541
524
677
652
641
663
649
642
660
656
520
505
507
552
573
557
575
570
565
557
567
556
567
566
581
565
563
575
586
586
575
573
580
558
581
606
609
494
463
458
484
455
471
465
482
636
667
646
663
645
575
547
569
564
572
567
553
549
505
502
507
493
507
504
508
509
501
501
511
596
643
663
654
652
649
637
642
628
628
618
625
617
615
616
622
604
558
548
531
525
543
532
526
527
538
517
520
489
469
446
461
454
427
418
427
408
453
581
586
604
607
567
597
604
607
606
607
602
597
599
621
610
627
619
618
610
617
558
545
546
550
529
532
514
501
498
502
508
507
485
509
488
468
413
416
413
412
405
404
403
429
443
454
448
463
510
507
635
676
634
637
535
540
544
552
537
554
536
545
564
575
554
561
583
627
634
610
611
606
522
531
523
511
521
527
528
529
518
518
518
531
528
523
663
669
638
642
654
640
571
573
573
579
561
547
519
531
534
523
529
586
675
671
623
595
571
578
586
597
587
584
581
593
589
597
591
585
594
592
591
604
584
595
584
589
587
595
580
577
553
565
550
544
539
555
540
559
550
547
546
553
550
554
555
605
634
632
616
630
525
485
480
495
466
478
449
454
446
467
482
459
454
459
545
639
567
530
512
540
525
543
524
533
521
528
519
548
520
533
527
584
574
591
582
541
510
506
434
413
422
393
400
415
417
414
457
497
494
495
488
499
516
635
623
607
598
520
497
520
499
493
470
504
481
490
482
473
489
495
487
479
419
420
432
437
435
498
486
499
497
572
599
563
500
487
484
522
517
541
535
537
551
569
556
562
582
606
601
616
606
593
588
592
593
586
505
506
515
582
665
565
488
498
507
503
503
497
554
510
496
489
486
475
466
473
463
481
466
491
476
472
493
420
467
470
465
481
473
478
478
501
494
494
495
492
492
507
505
484
459
469
453
471
462
473
491
507
508
523
513
578
603
595
564
543
529
534
523
553
514
570
579
580
589
592
590
591
